Matrix 0 (A) is
[[ 6.  1.  1.  5.  9.  8.  9.  1.]
 [ 7.  3.  9.  7.  7.  8.  7.  2.]
 [ 6.  6.  0.  7.  4.  9.  3.  2.]
 [ 8.  5.  4.  0.  4.  4.  1.  6.]
 [ 6.  0.  4.  9.  8.  0.  7.  5.]
 [ 2.  4.  3.  1.  6.  4.  2.  6.]
 [ 8.  4.  7.  6.  2.  4.  6.  4.]
 [ 5.  3.  8.  9.  7.  6.  1.  2.]]
Matrix 1 (B) is
[[ 9.  0.  7.  3.  8.  6.  2.  5.]
 [ 6.  8.  6.  4.  6.  4.  7.  1.]
 [ 2.  8.  9.  1.  6.  4.  1.  9.]
 [ 8.  8.  0.  5.  7.  4.  6.  0.]
 [ 3.  4.  2.  7.  0.  2.  8.  6.]
 [ 7.  5.  9.  0.  6.  8.  6.  3.]
 [ 6.  2.  0.  9.  7.  8.  6.  2.]
 [ 6.  9.  5.  4.  3.  3.  7.  3.]]
Answer is
[[ 245.  159.  152.  196.  209.  221.  231.  139.]
 [ 286.  252.  244.  197.  280.  258.  246.  205.]
 [ 251.  189.  177.  140.  214.  198.  214.   99.]
 [ 192.  164.  196.  109.  167.  150.  159.  137.]
 [ 230.  195.  119.  206.  199.  175.  211.  143.]
 [ 150.  166.  143.  114.  121.  122.  167.  111.]
 [ 252.  212.  203.  161.  250.  212.  191.  155.]
 [ 232.  238.  203.  146.  218.  186.  205.  168.]]
Your answer is:
[[ 245.  159.  152.  196.  209.  221.  231.  139.]
 [ 286.  252.  244.  197.  280.  258.  246.  205.]
 [ 251.  189.  177.  140.  214.  198.  214.   99.]
 [ 192.  164.  196.  109.  167.  150.  159.  137.]
 [ 230.  195.  119.  206.  199.  175.  211.  143.]
 [ 150.  166.  143.  114.  121.  122.  167.  111.]
 [ 252.  212.  203.  161.  250.  212.  191.  155.]
 [ 232.  238.  203.  146.  218.  186.  205.  168.]]
##########

                                   ___
                               ,-""   `.
       Thank Mr. Goose       ,'  _   ' )`-._
                            /  ,' `-._<.===-'
                           /  /
                          /  ;
              _          /   ;
 (`._    _.-"" ""--..__,'    |
 <_  `-""                     \
  <`-                          :
   (__   <__.                  ;
     `-.   '-.__.      _.'    /
        \      `-.__,-'    _,'
         `._    ,    /__,-'
            ""._\__,'< <____
                 | |  `----.`.
                 | |        \ `.
                 ; |___      \-``
                 \   --<
                  `.`.<
                    `-'
                    

##########
