Matrix 0 (A) is
[[ 5.  1.  7.  7.  6.  7.  2.  5.  0.  7.  0.  9.  6.  4.  6.  6.]
 [ 6.  8.  8.  7.  9.  4.  8.  7.  1.  3.  7.  5.  3.  8.  0.  0.]
 [ 9.  0.  5.  6.  4.  5.  4.  0.  1.  1.  8.  6.  2.  9.  6.  8.]
 [ 2.  7.  9.  9.  3.  2.  2.  2.  3.  0.  9.  3.  7.  0.  3.  0.]
 [ 1.  0.  1.  5.  8.  2.  6.  9.  3.  3.  0.  1.  2.  0.  5.  9.]
 [ 0.  1.  4.  8.  9.  9.  1.  5.  1.  6.  2.  2.  3.  2.  8.  0.]
 [ 7.  2.  8.  8.  2.  8.  3.  1.  9.  9.  7.  8.  6.  7.  5.  1.]
 [ 2.  4.  7.  5.  0.  5.  6.  2.  9.  8.  3.  4.  0.  1.  7.  8.]
 [ 6.  5.  1.  0.  0.  5.  7.  9.  1.  0.  5.  3.  3.  5.  2.  1.]
 [ 6.  0.  4.  4.  4.  6.  2.  3.  7.  6.  3.  2.  1.  0.  6.  3.]
 [ 6.  2.  8.  3.  4.  1.  0.  7.  9.  3.  3.  6.  6.  3.  3.  8.]
 [ 3.  5.  5.  3.  3.  5.  5.  2.  7.  0.  7.  6.  0.  0.  7.  5.]
 [ 9.  6.  3.  1.  3.  5.  7.  7.  6.  5.  7.  6.  7.  2.  6.  6.]
 [ 9.  6.  2.  5.  9.  4.  8.  1.  6.  2.  3.  7.  9.  1.  6.  4.]
 [ 7.  5.  5.  2.  8.  6.  9.  7.  0.  7.  4.  3.  9.  5.  8.  7.]
 [ 6.  1.  7.  0.  0.  9.  4.  7.  0.  2.  5.  6.  5.  8.  0.  5.]]
Matrix 1 (B) is
[[ 4.  7.  2.  9.  8.  2.  4.  8.  5.  7.  1.  3.  4.  2.  2.  8.]
 [ 7.  0.  0.  8.  4.  3.  7.  3.  2.  6.  5.  4.  6.  3.  1.  7.]
 [ 1.  0.  6.  8.  1.  2.  4.  2.  0.  3.  9.  3.  4.  8.  4.  4.]
 [ 5.  1.  5.  0.  6.  1.  7.  3.  7.  0.  7.  6.  6.  7.  3.  4.]
 [ 0.  3.  2.  9.  1.  6.  2.  1.  3.  2.  6.  0.  4.  7.  8.  4.]
 [ 5.  6.  3.  7.  6.  2.  8.  1.  6.  8.  2.  6.  6.  6.  7.  6.]
 [ 6.  4.  6.  9.  1.  1.  4.  6.  7.  2.  9.  8.  8.  1.  7.  7.]
 [ 9.  8.  5.  3.  2.  5.  9.  2.  5.  8.  0.  5.  1.  1.  0.  6.]
 [ 4.  9.  8.  4.  7.  3.  9.  0.  4.  1.  8.  5.  7.  7.  1.  2.]
 [ 8.  5.  4.  2.  6.  7.  4.  8.  5.  4.  6.  9.  9.  2.  8.  2.]
 [ 8.  2.  3.  1.  5.  9.  0.  2.  2.  3.  8.  7.  8.  7.  1.  6.]
 [ 0.  9.  0.  0.  9.  8.  5.  6.  6.  1.  6.  3.  6.  6.  2.  5.]
 [ 5.  2.  3.  1.  5.  9.  5.  6.  1.  2.  3.  6.  2.  5.  3.  1.]
 [ 0.  7.  7.  3.  2.  8.  9.  2.  3.  4.  0.  6.  0.  8.  7.  2.]
 [ 5.  0.  8.  5.  2.  3.  9.  2.  1.  3.  2.  1.  2.  3.  4.  5.]
 [ 1.  5.  8.  3.  4.  5.  3.  5.  0.  9.  7.  2.  9.  9.  4.  9.]]
Answer is
[[ 283.  336.  327.  325.  350.  366.  436.  309.  288.  311.  358.  333.
   378.  411.  339.  370.]
 [ 353.  333.  314.  428.  321.  382.  439.  286.  327.  313.  422.  401.
   403.  422.  336.  416.]
 [ 244.  318.  342.  325.  330.  350.  374.  275.  253.  299.  354.  316.
   374.  435.  305.  394.]
 [ 285.  154.  233.  254.  262.  272.  308.  187.  190.  181.  362.  285.
   313.  343.  177.  284.]
 [ 237.  244.  290.  256.  187.  228.  306.  186.  203.  242.  278.  221.
   288.  267.  232.  297.]
 [ 270.  214.  265.  275.  236.  263.  366.  171.  238.  221.  275.  268.
   284.  314.  293.  265.]
 [ 377.  409.  397.  363.  457.  427.  517.  331.  350.  305.  465.  462.
   480.  494.  360.  389.]
 [ 314.  299.  372.  318.  319.  272.  410.  252.  251.  278.  422.  340.
   439.  370.  279.  357.]
 [ 278.  264.  211.  267.  216.  241.  317.  195.  216.  261.  199.  273.
   237.  211.  173.  299.]
 [ 255.  260.  273.  274.  271.  225.  324.  195.  218.  227.  288.  255.
   315.  285.  229.  276.]
 [ 266.  348.  341.  297.  330.  348.  401.  252.  219.  291.  365.  293.
   355.  405.  225.  341.]
 [ 264.  255.  285.  305.  281.  255.  343.  189.  215.  238.  364.  261.
   364.  340.  208.  346.]
 [ 407.  392.  359.  401.  395.  404.  463.  341.  305.  371.  409.  401.
   454.  392.  295.  452.]
 [ 325.  337.  317.  414.  378.  362.  429.  324.  304.  285.  419.  344.
   427.  399.  316.  410.]
 [ 405.  361.  399.  462.  348.  434.  486.  366.  310.  400.  416.  417.
   447.  423.  402.  467.]
 [ 256.  333.  274.  291.  283.  327.  360.  245.  234.  321.  266.  323.
   300.  345.  256.  337.]]
Your answer is:
[[ 283.  336.  327.  325.  350.  366.  436.  309.  288.  311.  358.  333.
   378.  411.  339.  370.]
 [ 353.  333.  314.  428.  321.  382.  439.  286.  327.  313.  422.  401.
   403.  422.  336.  416.]
 [ 244.  318.  342.  325.  330.  350.  374.  275.  253.  299.  354.  316.
   374.  435.  305.  394.]
 [ 285.  154.  233.  254.  262.  272.  308.  187.  190.  181.  362.  285.
   313.  343.  177.  284.]
 [ 237.  244.  290.  256.  187.  228.  306.  186.  203.  242.  278.  221.
   288.  267.  232.  297.]
 [ 270.  214.  265.  275.  236.  263.  366.  171.  238.  221.  275.  268.
   284.  314.  293.  265.]
 [ 377.  409.  397.  363.  457.  427.  517.  331.  350.  305.  465.  462.
   480.  494.  360.  389.]
 [ 314.  299.  372.  318.  319.  272.  410.  252.  251.  278.  422.  340.
   439.  370.  279.  357.]
 [ 278.  264.  211.  267.  216.  241.  317.  195.  216.  261.  199.  273.
   237.  211.  173.  299.]
 [ 255.  260.  273.  274.  271.  225.  324.  195.  218.  227.  288.  255.
   315.  285.  229.  276.]
 [ 266.  348.  341.  297.  330.  348.  401.  252.  219.  291.  365.  293.
   355.  405.  225.  341.]
 [ 264.  255.  285.  305.  281.  255.  343.  189.  215.  238.  364.  261.
   364.  340.  208.  346.]
 [ 407.  392.  359.  401.  395.  404.  463.  341.  305.  371.  409.  401.
   454.  392.  295.  452.]
 [ 325.  337.  317.  414.  378.  362.  429.  324.  304.  285.  419.  344.
   427.  399.  316.  410.]
 [ 405.  361.  399.  462.  348.  434.  486.  366.  310.  400.  416.  417.
   447.  423.  402.  467.]
 [ 256.  333.  274.  291.  283.  327.  360.  245.  234.  321.  266.  323.
   300.  345.  256.  337.]]
##########

                                   ___
                               ,-""   `.
       Thank Mr. Goose       ,'  _   ' )`-._
                            /  ,' `-._<.===-'
                           /  /
                          /  ;
              _          /   ;
 (`._    _.-"" ""--..__,'    |
 <_  `-""                     \
  <`-                          :
   (__   <__.                  ;
     `-.   '-.__.      _.'    /
        \      `-.__,-'    _,'
         `._    ,    /__,-'
            ""._\__,'< <____
                 | |  `----.`.
                 | |        \ `.
                 ; |___      \-``
                 \   --<
                  `.`.<
                    `-'
                    

##########
