Matrix 0 (A) is
[[ 8.  0.  7.  7.  6.  1.  1.  1.]
 [ 4.  0.  4.  2.  9.  2.  2.  6.]
 [ 6.  9.  7.  4.  6.  6.  1.  1.]
 [ 4.  5.  9.  5.  6.  6.  9.  1.]
 [ 5.  5.  8.  9.  6.  0.  4.  2.]
 [ 6.  7.  7.  1.  0.  6.  5.  4.]
 [ 7.  3.  8.  6.  5.  4.  3.  2.]
 [ 5.  9.  0.  1.  4.  3.  3.  6.]]
Matrix 1 (B) is
[[ 4.  9.  0.  8.  0.  8.  3.  1.]
 [ 1.  2.  1.  2.  0.  7.  6.  9.]
 [ 0.  5.  2.  5.  6.  0.  4.  3.]
 [ 1.  2.  7.  1.  6.  3.  9.  5.]
 [ 9.  7.  2.  6.  0.  8.  0.  5.]
 [ 8.  4.  9.  2.  5.  5.  5.  2.]
 [ 6.  8.  5.  8.  3.  8.  2.  6.]
 [ 3.  0.  6.  4.  6.  9.  5.  7.]]
Answer is
[[ 110.  175.   95.  156.   98.  155.  127.  109.]
 [ 145.  147.  104.  152.   88.  190.   90.  129.]
 [ 148.  189.  128.  165.  105.  218.  173.  183.]
 [ 185.  239.  175.  216.  147.  241.  176.  204.]
 [ 118.  187.  128.  175.  126.  200.  176.  187.]
 [ 122.  169.  131.  166.  117.  206.  157.  165.]
 [ 138.  196.  134.  178.  125.  197.  161.  153.]
 [ 126.  129.  102.  137.   66.  231.  129.  177.]]
Your answer is:
[[ 110.  175.   95.  156.   98.  155.  127.  109.]
 [ 145.  147.  104.  152.   88.  190.   90.  129.]
 [ 148.  189.  128.  165.  105.  218.  173.  183.]
 [ 185.  239.  175.  216.  147.  241.  176.  204.]
 [ 118.  187.  128.  175.  126.  200.  176.  187.]
 [ 122.  169.  131.  166.  117.  206.  157.  165.]
 [ 138.  196.  134.  178.  125.  197.  161.  153.]
 [ 126.  129.  102.  137.   66.  231.  129.  177.]]
##########

                                   ___
                               ,-""   `.
       Thank Mr. Goose       ,'  _   ' )`-._
                            /  ,' `-._<.===-'
                           /  /
                          /  ;
              _          /   ;
 (`._    _.-"" ""--..__,'    |
 <_  `-""                     \
  <`-                          :
   (__   <__.                  ;
     `-.   '-.__.      _.'    /
        \      `-.__,-'    _,'
         `._    ,    /__,-'
            ""._\__,'< <____
                 | |  `----.`.
                 | |        \ `.
                 ; |___      \-``
                 \   --<
                  `.`.<
                    `-'
                    

##########
